#Layer_Color=32768
#
#Feature symbol names
#
$0 r1.9685
$1 r3.937
$2 r2
$3 r7.874
$4 r10

#
#Feature attribute names
#

#
#Layer features
#
L 0.0147638 1.9542126 0.0147638 2.3557874 0 P 0
L 0.0147638 1.9542126 0.2352363 1.9542126 0 P 0
L 0.0147638 2.3557874 0.2352363 2.3557874 0 P 0
L 0.105315 2.155 0.1446851 2.155 1 P 0
L 0.125 2.135315 0.125 2.174685 1 P 0
L 0.1596063 2.8898819 0.1596063 3.2363386 0 P 0
L 0.1596063 2.8898819 0.3603937 2.8898819 0 P 0
L 0.1596063 3.2363386 0.3603937 3.2363386 0 P 0
L 0.2 2.5953149 0.2 2.634685 0 P 0
L 0.2 2.5953149 0.29 2.5953149 0 P 0
L 0.2 2.634685 0.29 2.634685 0 P 0
L 0.2341733 2.615 0.2558268 2.615 1 P 0
L 0.2352363 1.9542126 0.2352363 2.3557874 0 P 0
L 0.2403149 3.0631102 0.279685 3.0631102 1 P 0
L 0.245 2.6041732 0.245 2.6258267 1 P 0
L 0.2453144 2.4043925 0.2453144 2.4943925 0 P 0
L 0.2453144 2.4043925 0.2846845 2.4043925 0 P 0
L 0.2453144 2.4943925 0.2846845 2.4943925 0 P 0
L 0.2541727 2.4493925 0.2758262 2.4493925 1 P 0
L 0.26 3.0434252 0.26 3.0827953 1 P 0
L 0.2649995 2.4385657 0.2649995 2.4602192 1 P 0
L 0.2846845 2.4043925 0.2846845 2.4943925 0 P 0
L 0.29 2.5953149 0.29 2.634685 0 P 0
L 0.2923466 2.1546064 0.2923466 2.3546064 2 P 0
L 0.2923466 2.1546064 0.4473466 2.1546064 2 P 0
L 0.2923466 2.3546064 0.4473466 2.3546064 2 P 0
L 0.2926378 0.8182205 0.2926378 1.8457795 0 P 0
L 0.2926378 0.8182205 0.4973622 0.8182205 0 P 0
L 0.2926378 1.8457795 0.4973622 1.8457795 0 P 0
L 0.2956299 2.3855511 0.2956299 2.6650787 0 P 0
L 0.2956299 2.3855511 0.6243701 2.3855511 0 P 0
L 0.2956299 2.6650787 0.6243701 2.6650787 0 P 0
L 0.3173466 2.2546064 0.4173466 2.2546064 2 P 0
L 0.3370079 2.7071063 0.3370079 2.8222637 0 P 0
L 0.3370079 2.7071063 0.6185039 2.7071063 0 P 0
L 0.3370079 2.8222637 0.6185039 2.8222637 0 P 0
L 0.3603937 2.8898819 0.3603937 3.2363386 0 P 0
L 0.3673466 2.2046128 0.3673466 2.3046064 2 P 0
L 0.375315 1.332 0.414685 1.332 1 P 0
L 0.395 1.312315 0.395 1.351685 1 P 0
L 0.4403149 2.5253149 0.479685 2.5253149 1 P 0
L 0.4473466 2.1546064 0.4473466 2.1946064 2 P 0
L 0.4473466 2.1546064 0.4473466 2.2246064 2 P 0
L 0.4473466 2.2246064 0.4473466 2.3546064 2 P 0
L 0.4533545 2.156738 0.4533545 2.246738 0 P 0
L 0.4533545 2.156738 0.4927246 2.156738 0 P 0
L 0.4533545 2.246738 0.4927246 2.246738 0 P 0
L 0.4580709 2.764685 0.4974409 2.764685 1 P 0
L 0.46 2.5056299 0.46 2.545 1 P 0
L 0.4622128 2.201738 0.4838663 2.201738 1 P 0
L 0.4730396 2.1909112 0.4730396 2.2125647 1 P 0
L 0.4777559 2.745 0.4777559 2.78437 1 P 0
L 0.4819685 2.8855315 0.4819685 3.0006889 0 P 0
L 0.4819685 2.8855315 0.7634645 2.8855315 0 P 0
L 0.4819685 3.0006889 0.7634645 3.0006889 0 P 0
L 0.4927246 2.156738 0.4927246 2.246738 0 P 0
L 0.4973622 0.8182205 0.4973622 1.8457795 0 P 0
L 0.5065354 0.1489558 0.5065354 0.219822 0 P 0
L 0.5065354 0.1489558 0.6734646 0.1489558 0 P 0
L 0.5065354 0.219822 0.6734646 0.219822 0 P 0
L 0.54 3.165 0.54 3.535 1 P 0
L 0.54 3.165 1.25 3.165 1 P 0
L 0.54 3.535 0.55 3.535 1 P 0
L 0.55 3.535 1.26 3.535 1 P 0
L 0.5554725 2.1509449 0.5554725 2.2690552 0 P 0
L 0.5554725 2.1509449 0.6145276 2.1509449 0 P 0
L 0.5554725 2.2690552 0.6145276 2.2690552 0 P 0
L 0.569252 2.21 0.600748 2.21 1 P 0
L 0.570315 0.1843889 0.609685 0.1843889 1 P 0
L 0.585 2.194252 0.585 2.2257481 1 P 0
L 0.59 0.1647039 0.59 0.2040739 1 P 0
L 0.6030315 2.9431102 0.6424015 2.9431102 1 P 0
L 0.6145276 2.1509449 0.6145276 2.2690552 0 P 0
L 0.6153543 0.6237983 0.6153543 1.1749795 1 P 0
L 0.6153543 0.6237983 1.2846457 0.6237983 1 P 0
L 0.6153543 1.1749795 1.2846457 1.1749795 1 P 0
L 0.6185039 2.7071063 0.6185039 2.8222637 0 P 0
L 0.6203149 2.15 0.6203149 2.24 0 P 0
L 0.6203149 2.15 0.659685 2.15 0 P 0
L 0.6203149 2.24 0.659685 2.24 0 P 0
L 0.6227165 2.9234252 0.6227165 2.9627952 1 P 0
L 0.6243701 2.3855511 0.6243701 2.6650787 0 P 0
L 0.6291732 2.195 0.6508267 2.195 1 P 0
L 0.630315 1.98 0.630315 2.07 0 P 0
L 0.630315 1.98 0.6696851 1.98 0 P 0
L 0.630315 2.07 0.6696851 2.07 0 P 0
L 0.6322835 2.0765354 0.6322835 2.1434646 0 P 0
L 0.6322835 2.0765354 0.6677165 2.0765354 0 P 0
L 0.6322835 2.1434646 0.6677165 2.1434646 0 P 0
L 0.6391733 2.025 0.6608268 2.025 1 P 0
L 0.6391733 2.11 0.6608268 2.11 0 P 0
L 0.64 2.1841732 0.64 2.2058267 1 P 0
L 0.65 1.2203149 0.65 1.259685 0 P 0
L 0.65 1.2203149 0.74 1.2203149 0 P 0
L 0.65 1.259685 0.74 1.259685 0 P 0
L 0.65 2.0141733 0.65 2.0358268 1 P 0
L 0.65 2.0991732 0.65 2.1208267 0 P 0
L 0.6512526 1.177704 0.6512526 1.2170741 0 P 0
L 0.6512526 1.177704 0.7412526 1.177704 0 P 0
L 0.6512526 1.2170741 0.7412526 1.2170741 0 P 0
L 0.6572835 0.5232078 0.6572835 0.590137 0 P 0
L 0.6572835 0.5232078 0.6927165 0.5232078 0 P 0
L 0.6572835 0.590137 0.6927165 0.590137 0 P 0
L 0.659685 2.15 0.659685 2.24 0 P 0
L 0.6641732 0.5566724 0.6858267 0.5566724 0 P 0
L 0.6677165 2.0765354 0.6677165 2.1434646 0 P 0
L 0.6696851 1.98 0.6696851 2.07 0 P 0
L 0.6734646 0.1489558 0.6734646 0.219822 0 P 0
L 0.675 0.5458457 0.675 0.5674992 0 P 0
L 0.6811412 1.4865034 0.6811412 2.25422 0 P 0
L 0.6811412 1.4865034 1.4488578 1.4865034 0 P 0
L 0.6811412 2.25422 0.7008263 2.25422 0 P 0
L 0.6827951 0.2889558 0.6827951 0.359822 0 P 0
L 0.6827951 0.2889558 0.8497243 0.2889558 0 P 0
L 0.6827951 0.359822 0.8497243 0.359822 0 P 0
L 0.6841733 1.24 0.7058268 1.24 1 P 0
L 0.6854259 1.1973891 0.7070794 1.1973891 1 P 0
L 0.6927165 0.5232078 0.6927165 0.590137 0 P 0
L 0.695 1.2291732 0.695 1.2508267 1 P 0
L 0.6962526 1.1865623 0.6962526 1.2082158 1 P 0
L 0.7008263 2.25422 0.7008263 2.5298105 0 P 0
L 0.7008263 2.5298105 1.4291727 2.5298105 0 P 0
L 0.7022835 0.5495354 0.7022835 0.6164646 0 P 0
L 0.7022835 0.5495354 0.7377165 0.5495354 0 P 0
L 0.7022835 0.6164646 0.7377165 0.6164646 0 P 0
L 0.7091732 0.583 0.7308267 0.583 0 P 0
L 0.7133071 0.0388377 0.7133071 0.2750582 0 P 0
L 0.7133071 0.0388377 1.0479527 0.0388377 0 P 0
L 0.7133071 0.2750582 1.0479527 0.2750582 0 P 0
L 0.72 0.5721733 0.72 0.5938268 0 P 0
L 0.7225 3.031063 0.7225 3.118937 3 P 0
L 0.7225 3.031063 0.9025 3.031063 3 P 0
L 0.7225 3.118937 0.9025 3.118937 3 P 0
L 0.7377165 0.5495354 0.7377165 0.6164646 0 P 0
L 0.74 1.2203149 0.74 1.259685 0 P 0
L 0.7412526 1.177704 0.7412526 1.2170741 0 P 0
L 0.7438178 0.5495354 0.7438178 0.6164646 0 P 0
L 0.7438178 0.5495354 0.7792508 0.5495354 0 P 0
L 0.7438178 0.6164646 0.7792508 0.6164646 0 P 0
L 0.744252 0.4654724 0.744252 0.5245276 0 P 0
L 0.744252 0.4654724 0.775748 0.4654724 0 P 0
L 0.744252 0.5245276 0.775748 0.5245276 0 P 0
L 0.7465747 0.3243889 0.7859447 0.3243889 1 P 0
L 0.7507076 0.583 0.7723611 0.583 0 P 0
L 0.7550787 0.495 0.7649213 0.495 1 P 0
L 0.76 0.4900787 0.76 0.4999213 1 P 0
L 0.7615343 0.5721732 0.7615343 0.5938267 0 P 0
L 0.7634645 2.8855315 0.7634645 3.0006889 0 P 0
L 0.7662597 0.3047039 0.7662597 0.3440739 1 P 0
L 0.775748 0.4654724 0.775748 0.5245276 0 P 0
L 0.7792508 0.5495354 0.7792508 0.6164646 0 P 0
L 0.7836604 2.872244 0.7836604 3.0139763 0 P 0
L 0.7836604 2.872244 0.9017706 2.872244 0 P 0
L 0.7836604 3.0139763 0.9017706 3.0139763 0 P 0
L 0.7872835 1.1809243 0.7872835 1.2478535 0 P 0
L 0.7872835 1.1809243 0.8227165 1.1809243 0 P 0
L 0.7872835 1.2478535 0.8227165 1.2478535 0 P 0
L 0.7941732 1.2143889 0.8158267 1.2143889 0 P 0
L 0.805 1.2035622 0.805 1.2252157 0 P 0
L 0.805314 2.7509054 0.805314 2.8178346 0 P 0
L 0.805314 2.7509054 0.840747 2.7509054 0 P 0
L 0.805314 2.8178346 0.840747 2.8178346 0 P 0
L 0.8122038 2.78437 0.8338573 2.78437 0 P 0
L 0.8227165 1.1809243 0.8227165 1.2478535 0 P 0
L 0.8230305 2.7735432 0.8230305 2.7951967 0 P 0
L 0.8230305 2.9431102 0.8624006 2.9431102 1 P 0
L 0.8322835 0.4408477 0.8322835 0.5077769 0 P 0
L 0.8322835 0.4408477 0.8677165 0.4408477 0 P 0
L 0.8322835 0.5077769 0.8677165 0.5077769 0 P 0
L 0.8322835 1.1809243 0.8322835 1.2478535 0 P 0
L 0.8322835 1.1809243 0.8677165 1.1809243 0 P 0
L 0.8322835 1.2478535 0.8677165 1.2478535 0 P 0
L 0.8391732 1.2143889 0.8608267 1.2143889 0 P 0
L 0.8391733 0.4743123 0.8608268 0.4743123 0 P 0
L 0.840747 2.7509054 0.840747 2.8178346 0 P 0
L 0.8427155 2.9234251 0.8427155 2.9627952 1 P 0
L 0.8497243 0.2889558 0.8497243 0.359822 0 P 0
L 0.85 0.4634855 0.85 0.485139 0 P 0
L 0.85 1.2035622 0.85 1.2252157 0 P 0
L 0.8500423 3.3249577 0.8500846 3.325 4 P 0
L 0.8500423 3.3249577 0.8999577 3.3249577 1 P 0
L 0.8500846 3.325 0.95 3.325 1 P 0
L 0.8545265 2.6615354 0.8545265 2.8284646 0 P 0
L 0.8545265 2.6615354 0.9253927 2.6615354 0 P 0
L 0.8545265 2.8284646 0.9253927 2.8284646 0 P 0
L 0.8677165 0.4408477 0.8677165 0.5077769 0 P 0
L 0.8677165 1.1809243 0.8677165 1.2478535 0 P 0
L 0.8702746 2.745 0.9096446 2.745 1 P 0
L 0.8722835 0.4408477 0.8722835 0.5077769 0 P 0
L 0.8722835 0.4408477 0.9077165 0.4408477 0 P 0
L 0.8722835 0.5077769 0.9077165 0.5077769 0 P 0
L 0.8722835 1.1809243 0.8722835 1.2478535 0 P 0
L 0.8722835 1.1809243 0.9077165 1.1809243 0 P 0
L 0.8722835 1.2478535 0.9077165 1.2478535 0 P 0
L 0.8765354 1.3422835 0.8765354 1.3777165 0 P 0
L 0.8765354 1.3422835 0.9434646 1.3422835 0 P 0
L 0.8765354 1.3777165 0.9434646 1.3777165 0 P 0
L 0.8791732 1.2143889 0.9008267 1.2143889 0 P 0
L 0.8791733 0.4743123 0.9008268 0.4743123 0 P 0
L 0.8859447 0.2889558 0.8859447 0.359822 0 P 0
L 0.8859447 0.2889558 1.0528739 0.2889558 0 P 0
L 0.8859447 0.359822 1.0528739 0.359822 0 P 0
L 0.8899596 2.725315 0.8899596 2.764685 1 P 0
L 0.89 0.4634855 0.89 0.485139 0 P 0
L 0.89 1.2035622 0.89 1.2252157 0 P 0
L 0.8901969 0.8993889 0.95 0.8993889 1 P 0
L 0.8991733 1.36 0.9208268 1.36 0 P 0
L 0.8999577 3.3249577 0.9 3.325 4 P 0
L 0.9 3.25 0.9 3.325 1 P 0
L 0.9 3.25 0.9 3.4 1 P 0
L 0.9 3.325 0.9 3.4 1 P 0
L 0.9017706 2.872244 0.9017706 3.0139763 0 P 0
L 0.9025 3.031063 0.9025 3.118937 3 P 0
L 0.9077165 0.4408477 0.9077165 0.5077769 0 P 0
L 0.9077165 1.1809243 0.9077165 1.2478535 0 P 0
L 0.91 1.3491733 0.91 1.3708268 0 P 0
L 0.9172835 1.1809243 0.9172835 1.2478535 0 P 0
L 0.9172835 1.1809243 0.9527165 1.1809243 0 P 0
L 0.9172835 1.2478535 0.9527165 1.2478535 0 P 0
L 0.9241732 1.2143889 0.9458267 1.2143889 0 P 0
L 0.9253927 2.6615354 0.9253927 2.8284646 0 P 0
L 0.935 1.2035622 0.935 1.2252157 0 P 0
L 0.9364173 2.9529527 0.9364173 3.102559 0 P 0
L 0.9364173 2.9529527 1.0663386 2.9529527 0 P 0
L 0.9364173 3.102559 1.0663386 3.102559 0 P 0
L 0.9434646 1.3422835 0.9434646 1.3777165 0 P 0
L 0.9497243 0.3243889 0.9890943 0.3243889 1 P 0
L 0.95 0.8402944 0.95 0.8993889 1 P 0
L 0.95 0.8993889 0.95 0.9584046 1 P 0
L 0.95 0.8993889 1.0068898 0.8993889 1 P 0
L 0.9527165 1.1809243 0.9527165 1.2478535 0 P 0
L 0.9694093 0.3047039 0.9694093 0.3440739 1 P 0
L 0.9816929 3.0277558 1.021063 3.0277558 1 P 0
L 1.0013779 3.0080708 1.0013779 3.0474409 1 P 0
L 1.020315 0.46 1.020315 0.55 0 P 0
L 1.020315 0.46 1.0596851 0.46 0 P 0
L 1.020315 0.55 1.0596851 0.55 0 P 0
L 1.0222835 0.5565354 1.0222835 0.6234646 0 P 0
L 1.0222835 0.5565354 1.0577165 0.5565354 0 P 0
L 1.0222835 0.6234646 1.0577165 0.6234646 0 P 0
L 1.0291732 0.59 1.0508267 0.59 0 P 0
L 1.0291733 0.505 1.0508268 0.505 1 P 0
L 1.04 0.4941733 1.04 0.5158268 1 P 0
L 1.04 0.5791733 1.04 0.6008268 0 P 0
L 1.0479527 0.0388377 1.0479527 0.2750582 0 P 0
L 1.0528739 0.2889558 1.0528739 0.359822 0 P 0
L 1.0577165 0.5565354 1.0577165 0.6234646 0 P 0
L 1.0596851 0.46 1.0596851 0.55 0 P 0
L 1.0663386 2.9529527 1.0663386 3.102559 0 P 0
L 1.0675 0.526063 1.0675 0.613937 3 P 0
L 1.0675 0.526063 1.2475 0.526063 3 P 0
L 1.0675 0.613937 1.2475 0.613937 3 P 0
L 1.0757415 2.9746062 1.0757415 3.0415354 0 P 0
L 1.0757415 2.9746062 1.1111745 2.9746062 0 P 0
L 1.0757415 3.0415354 1.1111745 3.0415354 0 P 0
L 1.0826313 3.0080708 1.1042848 3.0080708 0 P 0
L 1.0865354 1.4522835 1.0865354 1.4877165 0 P 0
L 1.0865354 1.4522835 1.1534646 1.4522835 0 P 0
L 1.0865354 1.4877165 1.1534646 1.4877165 0 P 0
L 1.0895354 1.2762835 1.0895354 1.3117165 0 P 0
L 1.0895354 1.2762835 1.1564646 1.2762835 0 P 0
L 1.0895354 1.3117165 1.1564646 1.3117165 0 P 0
L 1.093458 2.997244 1.093458 3.0188975 0 P 0
L 1.1091733 1.47 1.1308268 1.47 0 P 0
L 1.1111745 2.9746062 1.1111745 3.0415354 0 P 0
L 1.1121733 1.294 1.1338268 1.294 0 P 0
L 1.12 1.4591733 1.12 1.4808268 0 P 0
L 1.123 1.2831733 1.123 1.3048268 0 P 0
L 1.1274148 2.8442914 1.1274148 3.1257874 0 P 0
L 1.1274148 2.8442914 1.2425722 2.8442914 0 P 0
L 1.1274148 3.1257874 1.2425722 3.1257874 0 P 0
L 1.141063 2.6138189 1.141063 2.7161811 0 P 0
L 1.141063 2.6138189 1.648937 2.6138189 0 P 0
L 1.141063 2.7161811 1.648937 2.7161811 0 P 0
L 1.1534646 1.4522835 1.1534646 1.4877165 0 P 0
L 1.1564646 1.2762835 1.1564646 1.3117165 0 P 0
L 1.1653085 2.9850394 1.2046785 2.9850394 1 P 0
L 1.1742519 1.4022835 1.1742519 1.4377165 0 P 0
L 1.1742519 1.4022835 1.2411811 1.4022835 0 P 0
L 1.1742519 1.4377165 1.2411811 1.4377165 0 P 0
L 1.1849935 2.9653544 1.1849935 3.0047244 1 P 0
L 1.1968897 1.42 1.2185432 1.42 0 P 0
L 1.2077165 1.4091732 1.2077165 1.4308267 0 P 0
L 1.2411811 1.4022835 1.2411811 1.4377165 0 P 0
L 1.2425722 2.8442914 1.2425722 3.1257874 0 P 0
L 1.2475 0.526063 1.2475 0.613937 3 P 0
L 1.25 3.165 1.26 3.165 1 P 0
L 1.26 3.165 1.26 3.175 1 P 0
L 1.26 3.175 1.26 3.535 1 P 0
L 1.2846457 0.6237983 1.2846457 1.1749795 1 P 0
L 1.3003543 0.4842519 1.3003543 0.6496063 3 P 0
L 1.3003543 0.4842519 1.4529134 0.4842519 3 P 0
L 1.3003543 0.6496063 1.4529134 0.6496063 3 P 0
L 1.3203149 1.39 1.3203149 1.48 0 P 0
L 1.3203149 1.39 1.359685 1.39 0 P 0
L 1.3203149 1.48 1.359685 1.48 0 P 0
L 1.3291732 1.435 1.3508267 1.435 1 P 0
L 1.34 1.4241732 1.34 1.4458267 1 P 0
L 1.359685 1.39 1.359685 1.48 0 P 0
L 1.3609212 1.3912441 1.3609212 1.4812441 0 P 0
L 1.3609212 1.3912441 1.4002913 1.3912441 0 P 0
L 1.3609212 1.4812441 1.4002913 1.4812441 0 P 0
L 1.3628898 1.3227795 1.3628898 1.3897087 0 P 0
L 1.3628898 1.3227795 1.3983228 1.3227795 0 P 0
L 1.3628898 1.3897087 1.3983228 1.3897087 0 P 0
L 1.3697795 1.4362441 1.391433 1.4362441 1 P 0
L 1.3697796 1.3562441 1.3914331 1.3562441 0 P 0
L 1.375315 2.665 1.414685 2.665 1 P 0
L 1.3806063 1.3454173 1.3806063 1.3670708 0 P 0
L 1.3806063 1.4254173 1.3806063 1.4470708 1 P 0
L 1.395 2.645315 1.395 2.684685 1 P 0
L 1.3983228 1.3227795 1.3983228 1.3897087 0 P 0
L 1.4002913 1.3912441 1.4002913 1.4812441 0 P 0
L 1.4291727 2.25422 1.4291727 2.5298105 0 P 0
L 1.4291727 2.25422 1.4488578 2.25422 0 P 0
L 1.4488578 1.4865034 1.4488578 2.25422 0 P 0
L 1.4529134 0.4842519 1.4529134 0.6496063 3 P 0
L 1.520315 2.215 1.520315 2.305 0 P 0
L 1.520315 2.215 1.5596851 2.215 0 P 0
L 1.520315 2.305 1.5596851 2.305 0 P 0
L 1.5291733 2.26 1.5508268 2.26 1 P 0
L 1.54 2.2491733 1.54 2.2708268 1 P 0
L 1.5596851 2.215 1.5596851 2.305 0 P 0
L 1.5733413 2.7918628 1.5733413 2.858792 0 P 0
L 1.5733413 2.7918628 1.6087743 2.7918628 0 P 0
L 1.5733413 2.858792 1.6087743 2.858792 0 P 0
L 1.5740157 2.2346457 1.5740157 2.5653543 0 P 0
L 1.5740157 2.2346457 1.8259843 2.2346457 0 P 0
L 1.5740157 2.5653543 1.8259843 2.5653543 0 P 0
L 1.5764261 3.2194646 1.5764261 3.5726142 0 P 0
L 1.5764261 3.2194646 2.0110717 3.2194646 0 P 0
L 1.5764261 3.5726142 2.0110717 3.5726142 0 P 0
L 1.5802311 2.8253274 1.6018846 2.8253274 0 P 0
L 1.5815354 1.3972835 1.5815354 1.4327165 0 P 0
L 1.5815354 1.3972835 1.6484646 1.3972835 0 P 0
L 1.5815354 1.4327165 1.6484646 1.4327165 0 P 0
L 1.5910578 2.8145006 1.5910578 2.8361541 0 P 0
L 1.595518 2.8650256 1.595518 2.9004586 0 P 0
L 1.595518 2.8650256 1.6624472 2.8650256 0 P 0
L 1.595518 2.9004586 1.6624472 2.9004586 0 P 0
L 1.6041732 1.415 1.6258267 1.415 0 P 0
L 1.6082586 2.7803274 1.6082586 2.8703274 0 P 0
L 1.6082586 2.7803274 1.6476287 2.7803274 0 P 0
L 1.6082586 2.8703274 1.6476287 2.8703274 0 P 0
L 1.6087743 2.7918628 1.6087743 2.858792 0 P 0
L 1.61 2.9503149 1.61 2.989685 0 P 0
L 1.61 2.9503149 1.7 2.9503149 0 P 0
L 1.61 2.989685 1.7 2.989685 0 P 0
L 1.6114007 2.9044015 1.6114007 2.9437716 0 P 0
L 1.6114007 2.9044015 1.7014007 2.9044015 0 P 0
L 1.6114007 2.9437716 1.7014007 2.9437716 0 P 0
L 1.6128198 3.0945669 1.6128198 3.1654331 0 P 0
L 1.6128198 3.0945669 1.779749 3.0945669 0 P 0
L 1.6128198 3.1654331 1.779749 3.1654331 0 P 0
L 1.615 1.4041732 1.615 1.4258267 0 P 0
L 1.6171169 2.8253274 1.6387704 2.8253274 1 P 0
L 1.6181559 2.8827421 1.6398094 2.8827421 0 P 0
L 1.62 2.1103149 1.62 2.149685 0 P 0
L 1.62 2.1103149 1.71 2.1103149 0 P 0
L 1.62 2.149685 1.71 2.149685 0 P 0
L 1.6279436 2.8145007 1.6279436 2.8361542 1 P 0
L 1.6289826 2.8719154 1.6289826 2.8935689 0 P 0
L 1.6441733 2.97 1.6658268 2.97 1 P 0
L 1.645574 2.9240866 1.6672275 2.9240866 1 P 0
L 1.6476287 2.7803274 1.6476287 2.8703274 0 P 0
L 1.6484646 1.3972835 1.6484646 1.4327165 0 P 0
L 1.648937 2.6138189 1.648937 2.7161811 0 P 0
L 1.6541733 2.13 1.6758268 2.13 1 P 0
L 1.655 2.9591732 1.655 2.9808267 1 P 0
L 1.6564007 2.9132598 1.6564007 2.9349133 1 P 0
L 1.6621478 2.8029921 1.6621478 2.8699213 0 P 0
L 1.6621478 2.8029921 1.6975808 2.8029921 0 P 0
L 1.6621478 2.8699213 1.6975808 2.8699213 0 P 0
L 1.6624472 2.8650256 1.6624472 2.9004586 0 P 0
L 1.665 2.1191732 1.665 2.1408267 1 P 0
L 1.665315 2.015 1.665315 2.105 0 P 0
L 1.665315 2.015 1.7046851 2.015 0 P 0
L 1.665315 2.105 1.7046851 2.105 0 P 0
L 1.6690375 2.8364567 1.690691 2.8364567 0 P 0
L 1.6741733 2.06 1.6958268 2.06 1 P 0
L 1.6765994 3.13 1.7159694 3.13 1 P 0
L 1.6798643 2.82563 1.6798643 2.8472835 0 P 0
L 1.680315 2.4 1.719685 2.4 1 P 0
L 1.685 2.0491733 1.685 2.0708268 1 P 0
L 1.6962844 3.110315 1.6962844 3.149685 1 P 0
L 1.6975808 2.8029921 1.6975808 2.8699213 0 P 0
L 1.7 2.380315 1.7 2.419685 1 P 0
L 1.7 2.9503149 1.7 2.989685 0 P 0
L 1.7014007 2.9044015 1.7014007 2.9437716 0 P 0
L 1.7031977 2.7823228 1.7031977 2.9634252 0 P 0
L 1.7031977 2.7823228 1.8843001 2.7823228 0 P 0
L 1.7031977 2.9634252 1.8843001 2.9634252 0 P 0
L 1.7046851 2.015 1.7046851 2.105 0 P 0
L 1.71 2.1103149 1.71 2.149685 0 P 0
L 1.7169194 1.8185827 1.7169194 2.157559 0 P 0
L 1.7169194 1.8185827 1.976762 1.8185827 0 P 0
L 1.7169194 2.157559 1.976762 2.157559 0 P 0
L 1.730315 1.5553149 1.730315 1.6453149 0 P 0
L 1.730315 1.5553149 1.7696851 1.5553149 0 P 0
L 1.730315 1.6453149 1.7696851 1.6453149 0 P 0
L 1.7391733 1.6003149 1.7608268 1.6003149 1 P 0
L 1.75 1.5894882 1.75 1.6111417 1 P 0
L 1.7572835 2.9665354 1.7572835 3.0334646 0 P 0
L 1.7572835 2.9665354 1.7927165 2.9665354 0 P 0
L 1.7572835 3.0334646 1.7927165 3.0334646 0 P 0
L 1.7641732 3 1.7858267 3 0 P 0
L 1.7672835 2.7092519 1.7672835 2.7761811 0 P 0
L 1.7672835 2.7092519 1.8027165 2.7092519 0 P 0
L 1.7672835 2.7761811 1.8027165 2.7761811 0 P 0
L 1.7696851 1.5553149 1.7696851 1.6453149 0 P 0
L 1.7740639 2.872874 1.813434 2.872874 1 P 0
L 1.7741733 2.7427165 1.7958268 2.7427165 0 P 0
L 1.775 2.9891733 1.775 3.0108268 0 P 0
L 1.779749 3.0945669 1.779749 3.1654331 0 P 0
L 1.785 2.7318897 1.785 2.7535432 0 P 0
L 1.7927165 2.9665354 1.7927165 3.0334646 0 P 0
L 1.7937489 2.853189 1.7937489 2.8925591 1 P 0
L 1.7947805 2.9665354 1.7947805 3.0334646 0 P 0
L 1.7947805 2.9665354 1.8302135 2.9665354 0 P 0
L 1.7947805 3.0334646 1.8302135 3.0334646 0 P 0
L 1.7970556 1.366377 1.7970556 1.6183456 0 P 0
L 1.7970556 1.366377 2.1277642 1.366377 0 P 0
L 1.7970556 1.6183456 2.1277642 1.6183456 0 P 0
L 1.8016702 3 1.8233237 3 0 P 0
L 1.8027165 2.7092519 1.8027165 2.7761811 0 P 0
L 1.807749 3.0945669 1.807749 3.1654331 0 P 0
L 1.807749 3.0945669 1.9746782 3.0945669 0 P 0
L 1.807749 3.1654331 1.9746782 3.1654331 0 P 0
L 1.812497 2.9891733 1.812497 3.0108268 0 P 0
L 1.8259843 2.2346457 1.8259843 2.5653543 0 P 0
L 1.8271557 1.9880708 1.8665257 1.9880708 1 P 0
L 1.8302135 2.9665354 1.8302135 3.0334646 0 P 0
L 1.8468407 1.9683858 1.8468407 2.0077559 1 P 0
L 1.8515354 2.6272835 1.8515354 2.6627165 0 P 0
L 1.8515354 2.6272835 1.9184646 2.6272835 0 P 0
L 1.8515354 2.6627165 1.9184646 2.6627165 0 P 0
L 1.8515354 2.6672835 1.8515354 2.7027165 0 P 0
L 1.8515354 2.6672835 1.9184646 2.6672835 0 P 0
L 1.8515354 2.7027165 1.9184646 2.7027165 0 P 0
L 1.8715286 3.13 1.9108986 3.13 1 P 0
L 1.8741733 2.645 1.8958268 2.645 0 P 0
L 1.8741733 2.685 1.8958268 2.685 0 P 0
L 1.8823315 3.1827165 1.8823315 3.2181495 0 P 0
L 1.8823315 3.1827165 1.9492607 3.1827165 0 P 0
L 1.8823315 3.2181495 1.9492607 3.2181495 0 P 0
L 1.8843001 2.7823228 1.8843001 2.9634252 0 P 0
L 1.885 2.6341733 1.885 2.6558268 0 P 0
L 1.885 2.6741733 1.885 2.6958268 0 P 0
L 1.8912136 3.110315 1.8912136 3.149685 1 P 0
L 1.9049694 3.200433 1.9266229 3.200433 0 P 0
L 1.9157961 3.1896063 1.9157961 3.2112598 0 P 0
L 1.9184646 2.6272835 1.9184646 2.6627165 0 P 0
L 1.9184646 2.6672835 1.9184646 2.7027165 0 P 0
L 1.9427249 1.4923613 1.9820949 1.4923613 1 P 0
L 1.9452189 2.851811 1.9452189 2.9187402 0 P 0
L 1.9452189 2.851811 1.9806519 2.851811 0 P 0
L 1.9452189 2.9187402 1.9806519 2.9187402 0 P 0
L 1.9492607 3.1827165 1.9492607 3.2181495 0 P 0
L 1.9521087 2.8852756 1.9737622 2.8852756 0 P 0
L 1.9624099 1.4726763 1.9624099 1.5120463 1 P 0
L 1.9629354 2.8744488 1.9629354 2.8961023 0 P 0
L 1.9746782 3.0945669 1.9746782 3.1654331 0 P 0
L 1.976762 1.8185827 1.976762 2.157559 0 P 0
L 1.9806519 2.851811 1.9806519 2.9187402 0 P 0
L 2.0018591 2.8774016 2.0018591 3.0081102 0 P 0
L 2.0018591 2.8774016 2.1357173 2.8774016 0 P 0
L 2.0018591 3.0081102 2.1357173 3.0081102 0 P 0
L 2.003433 2.7430512 2.003433 2.8769094 0 P 0
L 2.003433 2.7430512 2.1341416 2.7430512 0 P 0
L 2.003433 2.8769094 2.1341416 2.8769094 0 P 0
L 2.0110717 3.2194646 2.0110717 3.5726142 0 P 0
L 2.1277642 1.366377 2.1277642 1.6183456 0 P 0
L 2.1341416 2.7430512 2.1341416 2.8769094 0 P 0
L 2.1357173 2.8774016 2.1357173 3.0081102 0 P 0
L 2.1632826 2.8501058 2.1632826 2.917035 0 P 0
L 2.1632826 2.8501058 2.1987156 2.8501058 0 P 0
L 2.1632826 2.917035 2.1987156 2.917035 0 P 0
L 2.1701723 2.8835704 2.1918258 2.8835704 0 P 0
L 2.1809991 2.8727437 2.1809991 2.8943972 0 P 0
L 2.1987156 2.8501058 2.1987156 2.917035 0 P 0
